<http://www.yso.fi/onto/yso/p11300>	code switching (use of language)
<http://www.yso.fi/onto/yso/p2573>	English language
<http://www.yso.fi/onto/yso/p5619>	attitudes
<http://www.yso.fi/onto/yso/p16486>	students
